function [v,c,z]=computevcceq2(x)
xopswui2=[0.190799045177082
  -1.268252036378003
   0.162225732664051
  0.996314111856229
  0.141940856628591
   1.591511967400386
   2.582756515959443
   0.021921239208429
   0.089795071640447
   0.015412500130244
  -0.679383424283145
   3.241831928767350
  -0.099472447202356
  -0.023484920832579
   1.172623446508131
   0.013286108178605];
    [v,c,z]=computevcceq([xopswui2(1:3);x;xopswui2(6:end)]);
end