gv=[0;0;-9.81];g=-gv(3);
tpHM0=0.5;
%l0=0.6;
%m=4;
l0=0.710331145474267;
m=3.766421371739116;